((("Data" .
   [0 1 0 0])
  ("string" .
   [1 0 0 0 0 0])
  ("Subject" .
   [0 0 0 0 1 0 0])
  ("Println" .
   [4 0 0 0 0 0 0])
  ("LastError" .
   [0 0 0 1 1 0 0 0 0])
  ("nil" .
   [2 0 0])
  ("i" .
   [2])
  ("Millisecond" .
   [0 0 0 0 1 0 0 0 0 0 0])
  ("s" .
   [1])
  ("byte" .
   [1 0 0 0])
  ("subject" .
   [0 0 0 0 2 0 0])
  ("Request" .
   [0 0 0 0 1 0 0])
  ("err" .
   [4 0 0])
  ("msg" .
   [1 0 0])
  ("a" .
   [1])
  ("payload" .
   [0 0 0 1 1 0 1])
  ("subj" .
   [2 0 0 0])
  ("Close" .
   [0 0 0 1 0])
  ("global-anzu-mode" .
   [1 0 0 0 0 0 0 0 0 0 0 0 0 0 0 0])
  ("nc" .
   [1 0])
  ("Connect" .
   [0 0 0 0 0 1 0])))
